spawns: 
  default: 
    world: lobby
    x: -31.69999998807907
    y: 65.0
    z: 1.6794043686539915
    yaw: -87.76262
    pitch: 88.191765
  admin: 
    world: lobby
    x: -31.69999998807907
    y: 65.0
    z: 1.5431598506119153
    yaw: -87.76263
    pitch: 27.466055
